Mproj/Mtarg  Mtarg[kg]     Mproj[kg]     vimp/vesc   theta  Eimp[J]     Mmelt[kg]      Mscf[kg]     Mvap[kg]     Mscf_atmo[kg]  Matmo[kg]     Mdisk[kg]
--------     ----------    ----------    -----       ----   ---------   -----------    ---------    ---------    ---------      -----------   ----------
0.0012,      5.9127e+24,   7.1669e+21,   1.1,        00,    4.668e+29,  3.677e+22,     2.181e+21,   4.65e+20,    1.467e+21,     1.932e+21,    9.787e+18,
0.0012,      5.9127e+24,   7.1669e+21,   1.1,        30,    4.668e+29,  4.21803e+22,   3.331e+21,   4.11e+20,    2.167e+21,     2.57831e+21,  4.656e+19,
0.0012,      5.9127e+24,   7.1669e+21,   1.1,        45,    4.668e+29,  4.33012e+22,   3.08e+21,    2.855e+20,   2.077e+21,     2.36371e+21,  9.989e+19,
0.0012,      5.9127e+24,   7.1669e+21,   1.1,        60,    4.668e+29,  2.32783e+22,   1.354e+21,   1.277e+20,   9.913e+20,     1.12731e+21,  1.379e+20,
0.0012,      5.9127e+24,   7.1669e+21,   1.5,        00,    8.679e+29,  7.223e+22,     3.489e+21,   1.511e+21,   1.682e+21,     3.193e+21,    1.828e+19,
0.0012,      5.9127e+24,   7.1669e+21,   1.5,        30,    8.679e+29,  7.80926e+22,   5.57e+21,    2.08e+21,    3.698e+21,     5.78063e+21,  6.895e+19,
0.0012,      5.9127e+24,   7.1669e+21,   1.5,        45,    8.679e+29,  7.39201e+22,   5.656e+21,   1.037e+21,   3.929e+21,     4.96608e+21,  1.178e+20,
0.0012,      5.9127e+24,   7.1669e+21,   1.5,        60,    8.679e+29,  2.68706e+22,   2.006e+21,   2.338e+20,   1.343e+21,     1.57741e+21,  9.029e+19,
0.0012,      5.9127e+24,   7.1669e+21,   2.0,        00,    1.543e+30,  1.54602e+23,   8.747e+21,   3.327e+21,   4.563e+21,     7.89154e+21,  2.968e+19,
0.0012,      5.9127e+24,   7.1669e+21,   2.0,        30,    1.543e+30,  1.39202e+23,   9.989e+21,   5.549e+21,   6.438e+21,     1.19895e+22,  1.334e+20,
0.0012,      5.9127e+24,   7.1669e+21,   2.0,        45,    1.543e+30,  1.15302e+23,   8.787e+21,   3.368e+21,   6.322e+21,     9.6919e+21,   2.133e+20,
0.0012,      5.9127e+24,   7.1669e+21,   2.0,        60,    1.543e+30,  3.21038e+22,   2.566e+21,   5.546e+20,   2.049e+21,     2.60743e+21,  9.491e+19,
0.0030,      5.9127e+24,   1.7917e+22,   1.1,        00,    1.128e+30,  1.03e+23,      5.226e+21,   4.879e+20,   3.425e+21,     3.9129e+21,   1.893e+19,
0.0030,      5.9127e+24,   1.7917e+22,   1.1,        30,    1.128e+30,  1.072e+23,     1.101e+22,   2.721e+20,   6.778e+21,     7.0501e+21,   1.165e+20,
0.0030,      5.9127e+24,   1.7917e+22,   1.1,        45,    1.128e+30,  1.088e+23,     9.319e+21,   5.68e+19,    6.036e+21,     6.0928e+21,   1.602e+20,
0.0030,      5.9127e+24,   1.7917e+22,   1.1,        60,    1.128e+30,  5.66148e+22,   3.446e+21,   6.089e+19,   2.431e+21,     2.49666e+21,  5.095e+20,
0.0030,      5.9127e+24,   1.7917e+22,   1.5,        00,    2.098e+30,  1.982e+23,     1.23e+22,    2.84e+21,    5.455e+21,     8.295e+21,    2.043e+19,
0.0030,      5.9127e+24,   1.7917e+22,   1.5,        30,    2.098e+30,  1.89305e+23,   1.843e+22,   2.735e+21,   1.287e+22,     1.561e+22,    1.987e+20,
0.0030,      5.9127e+24,   1.7917e+22,   1.5,        45,    2.098e+30,  1.64805e+23,   1.524e+22,   8.413e+20,   1.142e+22,     1.22665e+22,  3.692e+20,
0.0030,      5.9127e+24,   1.7917e+22,   1.5,        60,    2.098e+30,  4.86194e+22,   4.223e+21,   8.079e+19,   2.138e+21,     2.22817e+21,  2.01e+20,
0.0030,      5.9127e+24,   1.7917e+22,   2.0,        00,    3.730e+30,  3.523e+23,     3.213e+22,   6.096e+21,   1.534e+22,     2.14362e+22,  1.357e+20,
0.0030,      5.9127e+24,   1.7917e+22,   2.0,        30,    3.730e+30,  3.23518e+23,   2.946e+22,   8.04e+21,    1.838e+22,     2.64385e+22,  4.68e+20,
0.0030,      5.9127e+24,   1.7917e+22,   2.0,        45,    3.730e+30,  2.45419e+23,   2.219e+22,   3.506e+21,   1.582e+22,     1.9345e+22,   5.626e+20,
0.0030,      5.9127e+24,   1.7917e+22,   2.0,        60,    3.730e+30,  5.17829e+22,   5.913e+21,   1.134e+20,   3.715e+21,     3.8313e+21,   1.863e+20,
0.0061,      5.9127e+24,   3.5834e+22,   1.1,        00,    2.190e+30,  2.217e+23,     1.189e+22,   2.067e+20,   6.813e+21,     7.0197e+21,   1.426e+20,
0.0061,      5.9127e+24,   3.5834e+22,   1.1,        30,    2.190e+30,  2.196e+23,     2.399e+22,   5.037e+20,   1.448e+22,     1.49837e+22,  2.358e+20,
0.0061,      5.9127e+24,   3.5834e+22,   1.1,        45,    2.190e+30,  2.06504e+23,   1.932e+22,   6.909e+19,   1.267e+22,     1.27428e+22,  3.725e+20,
0.0061,      5.9127e+24,   3.5834e+22,   1.1,        60,    2.190e+30,  1.03037e+23,   6.437e+21,   5.888e+19,   4.177e+21,     4.27305e+21,  8.562e+20,
0.0061,      5.9127e+24,   3.5834e+22,   1.5,        00,    4.073e+30,  3.96e+23,      2.961e+22,   4.797e+21,   1.117e+22,     1.5967e+22,   9.308e+19,
0.0061,      5.9127e+24,   3.5834e+22,   1.5,        30,    4.073e+30,  3.64243e+23,   3.847e+22,   4.684e+21,   2.527e+22,     2.99967e+22,  5.148e+20,
0.0061,      5.9127e+24,   3.5834e+22,   1.5,        45,    4.073e+30,  2.81717e+23,   2.966e+22,   7.947e+20,   2.053e+22,     2.13421e+22,  7.272e+20,
0.0061,      5.9127e+24,   3.5834e+22,   1.5,        60,    4.073e+30,  6.9325e+22,    5.616e+21,   6.19e+19,    2.952e+21,     3.01895e+21,  3.088e+20,
0.0061,      5.9127e+24,   3.5834e+22,   2.0,        00,    7.240e+30,  6.44509e+23,   7.45e+22,    1.32e+22,    2.969e+22,     4.28992e+22,  4.16e+20,
0.0061,      5.9127e+24,   3.5834e+22,   2.0,        30,    7.240e+30,  5.832e+23,     6.925e+22,   9.533e+21,   3.664e+22,     4.6173e+22,   3.358e+21,
0.0061,      5.9127e+24,   3.5834e+22,   2.0,        45,    7.240e+30,  4.00311e+23,   4.054e+22,   3.791e+21,   2.639e+22,     3.01919e+22,  1.076e+21,
0.0061,      5.9127e+24,   3.5834e+22,   2.0,        60,    7.240e+30,  6.98844e+22,   7.744e+21,   3.806e+19,   3.929e+21,     3.98143e+21,  2.389e+20,
0.0121,      5.9127e+24,   7.1669e+22,   1.1,        00,    4.226e+30,  4.582e+23,     2.712e+22,   2.456e+21,   1.197e+22,     1.4426e+22,   7.769e+19,
0.0121,      5.9127e+24,   7.1669e+22,   1.1,        30,    4.226e+30,  4.05016e+23,   4.808e+22,   4.755e+21,   3.017e+22,     3.49407e+22,  7.477e+20,
0.0121,      5.9127e+24,   7.1669e+22,   1.1,        45,    4.226e+30,  3.55806e+23,   4.388e+22,   1.059e+21,   2.572e+22,     2.67852e+22,  1.186e+21,
0.0121,      5.9127e+24,   7.1669e+22,   1.1,        60,    4.226e+30,  1.66181e+23,   1.313e+22,   1.375e+20,   8.654e+21,     8.87241e+21,  1.481e+21,
0.0121,      5.9127e+24,   7.1669e+22,   1.5,        00,    7.858e+30,  7.315e+23,     7.136e+22,   1.18e+22,    2.26e+22,      3.44e+22,     7.351e+20,
0.0121,      5.9127e+24,   7.1669e+22,   1.5,        30,    7.858e+30,  6.21812e+23,   8.051e+22,   1.309e+22,   4.389e+22,     5.69922e+22,  1.778e+21,
0.0121,      5.9127e+24,   7.1669e+22,   1.5,        45,    7.858e+30,  4.47759e+23,   5.042e+22,   3.713e+21,   3.177e+22,     3.55423e+22,  1.682e+21,
0.0121,      5.9127e+24,   7.1669e+22,   1.5,        60,    7.858e+30,  1.21519e+23,   1.159e+22,   9.206e+19,   6.324e+21,     6.43505e+21,  6.305e+20,
0.0121,      5.9127e+24,   7.1669e+22,   2.0,        00,    1.397e+31,  1.128e+24,     1.62e+23,    2.814e+22,   6.478e+22,     9.292e+22,    2.119e+21,
0.0121,      5.9127e+24,   7.1669e+22,   2.0,        30,    1.397e+31,  8.65931e+23,   1.58e+23,    1.963e+22,   7.23e+22,      9.1961e+22,   5.557e+21,
0.0121,      5.9127e+24,   7.1669e+22,   2.0,        45,    1.397e+31,  5.87352e+23,   6.633e+22,   7.737e+21,   3.678e+22,     4.45692e+22,  2.004e+21,
0.0121,      5.9127e+24,   7.1669e+22,   2.0,        60,    1.397e+31,  1.12405e+23,   1.273e+22,   5.132e+19,   7.479e+21,     7.53529e+21,  2.961e+20
